****************
-----------------------------
nivel: 1
1 0 0 0 0 0
1 0 0 0 0 0 0 0
beneficio: 4 ----->voa: 0 Cot: 5
-----------------------------
nivel: 2
1 2 0 0 0 0
1 1 0 0 0 0 0 0
beneficio: 9 ----->voa: 0 Cot: 5
-----------------------------
nivel: 3
1 2 6 0 0 0
1 1 0 0 0 1 0 0
beneficio: 11 ----->voa: 0 Cot: 2
-----------------------------
nivel: 4
1 2 6 4 0 0
1 1 0 1 0 1 0 0
beneficio: 14 ----->voa: 0 Cot: 4
-----------------------------
nivel: 5
1 2 6 4 5 0
1 1 0 1 1 1 0 0
beneficio: 16 ----->voa: 0 Cot: 2
-----------------------------
nivel: 6
1 2 6 4 5 7
1 1 0 1 1 1 1 0
beneficio: 18 ----->voa: 0 Cot: 5
es una solucion: 18
-----------------------
-----------------------------
nivel: 6
1 2 6 4 5 8
1 1 0 1 1 1 0 1
beneficio: 21 ----->voa: 18 Cot: 5
es una solucion: 21
-----------------------
R-->5va:8
1 1 0 1 1 1 0 0
-----------------------------
nivel: 5
1 2 6 4 7 0
1 1 0 1 0 1 1 0
beneficio: 16 ----->voa: 21 Cot: 2
-----------------------------
nivel: 6
1 2 6 4 7 8
1 1 0 1 0 1 1 1
beneficio: 21 ----->voa: 21 Cot: 5
R-->5va:8
1 1 0 1 0 1 1 0
-----------------------------
nivel: 5
1 2 6 4 8 0
1 1 0 1 0 1 0 1
beneficio: 16 ----->voa: 21 Cot: 2
-----------------------------
nivel: 6
1 2 6 4 8 7
1 1 0 1 0 1 1 1
beneficio: 18 ----->voa: 21 Cot: 5
R-->5va:7
1 1 0 1 0 1 0 1
R-->4va:8
1 1 0 1 0 1 0 0
-----------------------------
nivel: 4
1 2 6 5 0 0
1 1 0 0 1 1 0 0
beneficio: 15 ----->voa: 21 Cot: 4
-----------------------------
nivel: 5
1 2 6 5 4 0
1 1 0 1 1 1 0 0
beneficio: 17 ----->voa: 21 Cot: 2
-----------------------------
nivel: 6
1 2 6 5 4 7
1 1 0 1 1 1 1 0
beneficio: 19 ----->voa: 21 Cot: 5
-----------------------------
nivel: 6
1 2 6 5 4 8
1 1 0 1 1 1 0 1
beneficio: 22 ----->voa: 21 Cot: 5
es una solucion: 22
-----------------------
R-->5va:8
1 1 0 1 1 1 0 0
-----------------------------
nivel: 5
1 2 6 5 7 0
1 1 0 0 1 1 1 0
beneficio: 17 ----->voa: 22 Cot: 2
-----------------------------
nivel: 6
1 2 6 5 7 8
1 1 0 0 1 1 1 1
beneficio: 22 ----->voa: 22 Cot: 5
R-->5va:8
1 1 0 0 1 1 1 0
-----------------------------
nivel: 5
1 2 6 5 8 0
1 1 0 0 1 1 0 1
beneficio: 17 ----->voa: 22 Cot: 2
-----------------------------
nivel: 6
1 2 6 5 8 7
1 1 0 0 1 1 1 1
beneficio: 19 ----->voa: 22 Cot: 5
R-->5va:7
1 1 0 0 1 1 0 1
R-->4va:8
1 1 0 0 1 1 0 0
-----------------------------
nivel: 4
1 2 6 7 0 0
1 1 0 0 0 1 1 0
beneficio: 13 ----->voa: 22 Cot: 4
-----------------------------
nivel: 5
1 2 6 7 4 0
1 1 0 1 0 1 1 0
beneficio: 15 ----->voa: 22 Cot: 2
-----------------------------
nivel: 6
1 2 6 7 4 8
1 1 0 1 0 1 1 1
beneficio: 20 ----->voa: 22 Cot: 5
R-->5va:8
1 1 0 1 0 1 1 0
-----------------------------
nivel: 5
1 2 6 7 5 0
1 1 0 0 1 1 1 0
beneficio: 15 ----->voa: 22 Cot: 2
-----------------------------
nivel: 6
1 2 6 7 5 8
1 1 0 0 1 1 1 1
beneficio: 20 ----->voa: 22 Cot: 5
R-->5va:8
1 1 0 0 1 1 1 0
-----------------------------
nivel: 5
1 2 6 7 8 0
1 1 0 0 0 1 1 1
beneficio: 15 ----->voa: 22 Cot: 2
R-->4va:8
1 1 0 0 0 1 1 0
R-->3va:7
1 1 0 0 0 1 0 0
-----------------------------
nivel: 3
1 2 7 0 0 0
1 1 0 0 0 0 1 0
beneficio: 11 ----->voa: 22 Cot: 2
-----------------------------
nivel: 4
1 2 7 4 0 0
1 1 0 1 0 0 1 0
beneficio: 14 ----->voa: 22 Cot: 4
-----------------------------
nivel: 5
1 2 7 4 5 0
1 1 0 1 1 0 1 0
beneficio: 16 ----->voa: 22 Cot: 2
-----------------------------
nivel: 6
1 2 7 4 5 6
1 1 0 1 1 1 1 0
beneficio: 19 ----->voa: 22 Cot: 5
-----------------------------
nivel: 6
1 2 7 4 5 8
1 1 0 1 1 0 1 1
beneficio: 21 ----->voa: 22 Cot: 5
R-->5va:8
1 1 0 1 1 0 1 0
-----------------------------
nivel: 5
1 2 7 4 6 0
1 1 0 1 0 1 1 0
beneficio: 16 ----->voa: 22 Cot: 2
-----------------------------
nivel: 6
1 2 7 4 6 8
1 1 0 1 0 1 1 1
beneficio: 21 ----->voa: 22 Cot: 5
R-->5va:8
1 1 0 1 0 1 1 0
-----------------------------
nivel: 5
1 2 7 4 8 0
1 1 0 1 0 0 1 1
beneficio: 16 ----->voa: 22 Cot: 2
-----------------------------
nivel: 6
1 2 7 4 8 6
1 1 0 1 0 1 1 1
beneficio: 19 ----->voa: 22 Cot: 5
R-->5va:6
1 1 0 1 0 0 1 1
R-->4va:8
1 1 0 1 0 0 1 0
-----------------------------
nivel: 4
1 2 7 5 0 0
1 1 0 0 1 0 1 0
beneficio: 15 ----->voa: 22 Cot: 4
-----------------------------
nivel: 5
1 2 7 5 4 0
1 1 0 1 1 0 1 0
beneficio: 17 ----->voa: 22 Cot: 2
-----------------------------
nivel: 6
1 2 7 5 4 6
1 1 0 1 1 1 1 0
beneficio: 20 ----->voa: 22 Cot: 5
-----------------------------
nivel: 6
1 2 7 5 4 8
1 1 0 1 1 0 1 1
beneficio: 22 ----->voa: 22 Cot: 5
R-->5va:8
1 1 0 1 1 0 1 0
-----------------------------
nivel: 5
1 2 7 5 6 0
1 1 0 0 1 1 1 0
beneficio: 17 ----->voa: 22 Cot: 2
-----------------------------
nivel: 6
1 2 7 5 6 8
1 1 0 0 1 1 1 1
beneficio: 22 ----->voa: 22 Cot: 5
R-->5va:8
1 1 0 0 1 1 1 0
-----------------------------
nivel: 5
1 2 7 5 8 0
1 1 0 0 1 0 1 1
beneficio: 17 ----->voa: 22 Cot: 2
-----------------------------
nivel: 6
1 2 7 5 8 6
1 1 0 0 1 1 1 1
beneficio: 20 ----->voa: 22 Cot: 5
R-->5va:6
1 1 0 0 1 0 1 1
R-->4va:8
1 1 0 0 1 0 1 0
R-->3va:5
1 1 0 0 0 0 1 0
R-->2va:7
1 1 0 0 0 0 0 0
-----------------------------
nivel: 2
1 3 0 0 0 0
1 0 1 0 0 0 0 0
beneficio: 8 ----->voa: 22 Cot: 5
-----------------------------
nivel: 3
1 3 6 0 0 0
1 0 1 0 0 1 0 0
beneficio: 10 ----->voa: 22 Cot: 2
-----------------------------
nivel: 4
1 3 6 4 0 0
1 0 1 1 0 1 0 0
beneficio: 13 ----->voa: 22 Cot: 4
-----------------------------
nivel: 5
1 3 6 4 5 0
1 0 1 1 1 1 0 0
beneficio: 15 ----->voa: 22 Cot: 2
-----------------------------
nivel: 6
1 3 6 4 5 7
1 0 1 1 1 1 1 0
beneficio: 17 ----->voa: 22 Cot: 5
-----------------------------
nivel: 6
1 3 6 4 5 8
1 0 1 1 1 1 0 1
beneficio: 20 ----->voa: 22 Cot: 5
R-->5va:8
1 0 1 1 1 1 0 0
-----------------------------
nivel: 5
1 3 6 4 7 0
1 0 1 1 0 1 1 0
beneficio: 15 ----->voa: 22 Cot: 2
-----------------------------
nivel: 6
1 3 6 4 7 8
1 0 1 1 0 1 1 1
beneficio: 20 ----->voa: 22 Cot: 5
R-->5va:8
1 0 1 1 0 1 1 0
-----------------------------
nivel: 5
1 3 6 4 8 0
1 0 1 1 0 1 0 1
beneficio: 15 ----->voa: 22 Cot: 2
-----------------------------
nivel: 6
1 3 6 4 8 7
1 0 1 1 0 1 1 1
beneficio: 17 ----->voa: 22 Cot: 5
R-->5va:7
1 0 1 1 0 1 0 1
R-->4va:8
1 0 1 1 0 1 0 0
-----------------------------
nivel: 4
1 3 6 5 0 0
1 0 1 0 1 1 0 0
beneficio: 14 ----->voa: 22 Cot: 4
-----------------------------
nivel: 5
1 3 6 5 4 0
1 0 1 1 1 1 0 0
beneficio: 16 ----->voa: 22 Cot: 2
-----------------------------
nivel: 6
1 3 6 5 4 7
1 0 1 1 1 1 1 0
beneficio: 18 ----->voa: 22 Cot: 5
-----------------------------
nivel: 6
1 3 6 5 4 8
1 0 1 1 1 1 0 1
beneficio: 21 ----->voa: 22 Cot: 5
R-->5va:8
1 0 1 1 1 1 0 0
-----------------------------
nivel: 5
1 3 6 5 7 0
1 0 1 0 1 1 1 0
beneficio: 16 ----->voa: 22 Cot: 2
-----------------------------
nivel: 6
1 3 6 5 7 8
1 0 1 0 1 1 1 1
beneficio: 21 ----->voa: 22 Cot: 5
R-->5va:8
1 0 1 0 1 1 1 0
-----------------------------
nivel: 5
1 3 6 5 8 0
1 0 1 0 1 1 0 1
beneficio: 16 ----->voa: 22 Cot: 2
-----------------------------
nivel: 6
1 3 6 5 8 7
1 0 1 0 1 1 1 1
beneficio: 18 ----->voa: 22 Cot: 5
R-->5va:7
1 0 1 0 1 1 0 1
R-->4va:8
1 0 1 0 1 1 0 0
-----------------------------
nivel: 4
1 3 6 7 0 0
1 0 1 0 0 1 1 0
beneficio: 12 ----->voa: 22 Cot: 4
-----------------------------
nivel: 5
1 3 6 7 4 0
1 0 1 1 0 1 1 0
beneficio: 14 ----->voa: 22 Cot: 2
-----------------------------
nivel: 6
1 3 6 7 4 8
1 0 1 1 0 1 1 1
beneficio: 19 ----->voa: 22 Cot: 5
R-->5va:8
1 0 1 1 0 1 1 0
-----------------------------
nivel: 5
1 3 6 7 5 0
1 0 1 0 1 1 1 0
beneficio: 14 ----->voa: 22 Cot: 2
-----------------------------
nivel: 6
1 3 6 7 5 8
1 0 1 0 1 1 1 1
beneficio: 19 ----->voa: 22 Cot: 5
R-->5va:8
1 0 1 0 1 1 1 0
-----------------------------
nivel: 5
1 3 6 7 8 0
1 0 1 0 0 1 1 1
beneficio: 14 ----->voa: 22 Cot: 2
R-->4va:8
1 0 1 0 0 1 1 0
R-->3va:7
1 0 1 0 0 1 0 0
-----------------------------
nivel: 3
1 3 7 0 0 0
1 0 1 0 0 0 1 0
beneficio: 10 ----->voa: 22 Cot: 2
-----------------------------
nivel: 4
1 3 7 4 0 0
1 0 1 1 0 0 1 0
beneficio: 13 ----->voa: 22 Cot: 4
-----------------------------
nivel: 5
1 3 7 4 5 0
1 0 1 1 1 0 1 0
beneficio: 15 ----->voa: 22 Cot: 2
-----------------------------
nivel: 6
1 3 7 4 5 6
1 0 1 1 1 1 1 0
beneficio: 18 ----->voa: 22 Cot: 5
-----------------------------
nivel: 6
1 3 7 4 5 8
1 0 1 1 1 0 1 1
beneficio: 20 ----->voa: 22 Cot: 5
R-->5va:8
1 0 1 1 1 0 1 0
-----------------------------
nivel: 5
1 3 7 4 6 0
1 0 1 1 0 1 1 0
beneficio: 15 ----->voa: 22 Cot: 2
-----------------------------
nivel: 6
1 3 7 4 6 8
1 0 1 1 0 1 1 1
beneficio: 20 ----->voa: 22 Cot: 5
R-->5va:8
1 0 1 1 0 1 1 0
-----------------------------
nivel: 5
1 3 7 4 8 0
1 0 1 1 0 0 1 1
beneficio: 15 ----->voa: 22 Cot: 2
-----------------------------
nivel: 6
1 3 7 4 8 6
1 0 1 1 0 1 1 1
beneficio: 18 ----->voa: 22 Cot: 5
R-->5va:6
1 0 1 1 0 0 1 1
R-->4va:8
1 0 1 1 0 0 1 0
-----------------------------
nivel: 4
1 3 7 5 0 0
1 0 1 0 1 0 1 0
beneficio: 14 ----->voa: 22 Cot: 4
-----------------------------
nivel: 5
1 3 7 5 4 0
1 0 1 1 1 0 1 0
beneficio: 16 ----->voa: 22 Cot: 2
-----------------------------
nivel: 6
1 3 7 5 4 6
1 0 1 1 1 1 1 0
beneficio: 19 ----->voa: 22 Cot: 5
-----------------------------
nivel: 6
1 3 7 5 4 8
1 0 1 1 1 0 1 1
beneficio: 21 ----->voa: 22 Cot: 5
R-->5va:8
1 0 1 1 1 0 1 0
-----------------------------
nivel: 5
1 3 7 5 6 0
1 0 1 0 1 1 1 0
beneficio: 16 ----->voa: 22 Cot: 2
-----------------------------
nivel: 6
1 3 7 5 6 8
1 0 1 0 1 1 1 1
beneficio: 21 ----->voa: 22 Cot: 5
R-->5va:8
1 0 1 0 1 1 1 0
-----------------------------
nivel: 5
1 3 7 5 8 0
1 0 1 0 1 0 1 1
beneficio: 16 ----->voa: 22 Cot: 2
-----------------------------
nivel: 6
1 3 7 5 8 6
1 0 1 0 1 1 1 1
beneficio: 19 ----->voa: 22 Cot: 5
R-->5va:6
1 0 1 0 1 0 1 1
R-->4va:8
1 0 1 0 1 0 1 0
R-->3va:5
1 0 1 0 0 0 1 0
R-->2va:7
1 0 1 0 0 0 0 0
-----------------------------
nivel: 2
1 6 0 0 0 0
1 0 0 0 0 1 0 0
beneficio: 9 ----->voa: 22 Cot: 5
-----------------------------
nivel: 3
1 6 7 0 0 0
1 0 0 0 0 1 1 0
beneficio: 11 ----->voa: 22 Cot: 2
-----------------------------
nivel: 4
1 6 7 4 0 0
1 0 0 1 0 1 1 0
beneficio: 14 ----->voa: 22 Cot: 4
-----------------------------
nivel: 5
1 6 7 4 5 0
1 0 0 1 1 1 1 0
beneficio: 16 ----->voa: 22 Cot: 2
-----------------------------
nivel: 6
1 6 7 4 5 8
1 0 0 1 1 1 1 1
beneficio: 21 ----->voa: 22 Cot: 5
R-->5va:8
1 0 0 1 1 1 1 0
-----------------------------
nivel: 5
1 6 7 4 8 0
1 0 0 1 0 1 1 1
beneficio: 16 ----->voa: 22 Cot: 2
R-->4va:8
1 0 0 1 0 1 1 0
-----------------------------
nivel: 4
1 6 7 5 0 0
1 0 0 0 1 1 1 0
beneficio: 15 ----->voa: 22 Cot: 4
-----------------------------
nivel: 5
1 6 7 5 4 0
1 0 0 1 1 1 1 0
beneficio: 17 ----->voa: 22 Cot: 2
-----------------------------
nivel: 6
1 6 7 5 4 8
1 0 0 1 1 1 1 1
beneficio: 22 ----->voa: 22 Cot: 5
R-->5va:8
1 0 0 1 1 1 1 0
-----------------------------
nivel: 5
1 6 7 5 8 0
1 0 0 0 1 1 1 1
beneficio: 17 ----->voa: 22 Cot: 2
R-->4va:8
1 0 0 0 1 1 1 0
R-->3va:5
1 0 0 0 0 1 1 0
R-->2va:7
1 0 0 0 0 1 0 0
-----------------------------
nivel: 2
1 8 0 0 0 0
1 0 0 0 0 0 0 1
beneficio: 6 ----->voa: 22 Cot: 5
-----------------------------
nivel: 3
1 8 6 0 0 0
1 0 0 0 0 1 0 1
beneficio: 8 ----->voa: 22 Cot: 2
-----------------------------
nivel: 4
1 8 6 4 0 0
1 0 0 1 0 1 0 1
beneficio: 11 ----->voa: 22 Cot: 4
-----------------------------
nivel: 5
1 8 6 4 5 0
1 0 0 1 1 1 0 1
beneficio: 13 ----->voa: 22 Cot: 2
-----------------------------
nivel: 6
1 8 6 4 5 7
1 0 0 1 1 1 1 1
beneficio: 15 ----->voa: 22 Cot: 5
R-->5va:7
1 0 0 1 1 1 0 1
-----------------------------
nivel: 5
1 8 6 4 7 0
1 0 0 1 0 1 1 1
beneficio: 13 ----->voa: 22 Cot: 2
R-->4va:7
1 0 0 1 0 1 0 1
-----------------------------
nivel: 4
1 8 6 5 0 0
1 0 0 0 1 1 0 1
beneficio: 12 ----->voa: 22 Cot: 4
-----------------------------
nivel: 5
1 8 6 5 4 0
1 0 0 1 1 1 0 1
beneficio: 14 ----->voa: 22 Cot: 2
-----------------------------
nivel: 6
1 8 6 5 4 7
1 0 0 1 1 1 1 1
beneficio: 16 ----->voa: 22 Cot: 5
R-->5va:7
1 0 0 1 1 1 0 1
-----------------------------
nivel: 5
1 8 6 5 7 0
1 0 0 0 1 1 1 1
beneficio: 14 ----->voa: 22 Cot: 2
R-->4va:7
1 0 0 0 1 1 0 1
-----------------------------
nivel: 4
1 8 6 7 0 0
1 0 0 0 0 1 1 1
beneficio: 10 ----->voa: 22 Cot: 4
-----------------------------
nivel: 5
1 8 6 7 4 0
1 0 0 1 0 1 1 1
beneficio: 12 ----->voa: 22 Cot: 2
-----------------------------
nivel: 5
1 8 6 7 5 0
1 0 0 0 1 1 1 1
beneficio: 12 ----->voa: 22 Cot: 2
R-->4va:5
1 0 0 0 0 1 1 1
R-->3va:7
1 0 0 0 0 1 0 1
-----------------------------
nivel: 3
1 8 7 0 0 0
1 0 0 0 0 0 1 1
beneficio: 8 ----->voa: 22 Cot: 2
-----------------------------
nivel: 4
1 8 7 4 0 0
1 0 0 1 0 0 1 1
beneficio: 11 ----->voa: 22 Cot: 4
-----------------------------
nivel: 5
1 8 7 4 5 0
1 0 0 1 1 0 1 1
beneficio: 13 ----->voa: 22 Cot: 2
-----------------------------
nivel: 6
1 8 7 4 5 6
1 0 0 1 1 1 1 1
beneficio: 16 ----->voa: 22 Cot: 5
R-->5va:6
1 0 0 1 1 0 1 1
-----------------------------
nivel: 5
1 8 7 4 6 0
1 0 0 1 0 1 1 1
beneficio: 13 ----->voa: 22 Cot: 2
R-->4va:6
1 0 0 1 0 0 1 1
-----------------------------
nivel: 4
1 8 7 5 0 0
1 0 0 0 1 0 1 1
beneficio: 12 ----->voa: 22 Cot: 4
-----------------------------
nivel: 5
1 8 7 5 4 0
1 0 0 1 1 0 1 1
beneficio: 14 ----->voa: 22 Cot: 2
-----------------------------
nivel: 6
1 8 7 5 4 6
1 0 0 1 1 1 1 1
beneficio: 17 ----->voa: 22 Cot: 5
R-->5va:6
1 0 0 1 1 0 1 1
-----------------------------
nivel: 5
1 8 7 5 6 0
1 0 0 0 1 1 1 1
beneficio: 14 ----->voa: 22 Cot: 2
R-->4va:6
1 0 0 0 1 0 1 1
R-->3va:5
1 0 0 0 0 0 1 1
R-->2va:7
1 0 0 0 0 0 0 1
R-->1va:8
1 0 0 0 0 0 0 0
-----------------------------
nivel: 1
2 0 0 0 0 0
0 1 0 0 0 0 0 0
beneficio: 4 ----->voa: 22 Cot: 5
-----------------------------
nivel: 2
2 3 0 0 0 0
0 1 1 0 0 0 0 0
beneficio: 8 ----->voa: 22 Cot: 5
-----------------------------
nivel: 3
2 3 6 0 0 0
0 1 1 0 0 1 0 0
beneficio: 10 ----->voa: 22 Cot: 2
-----------------------------
nivel: 4
2 3 6 4 0 0
0 1 1 1 0 1 0 0
beneficio: 13 ----->voa: 22 Cot: 4
-----------------------------
nivel: 5
2 3 6 4 5 0
0 1 1 1 1 1 0 0
beneficio: 15 ----->voa: 22 Cot: 2
-----------------------------
nivel: 6
2 3 6 4 5 7
0 1 1 1 1 1 1 0
beneficio: 17 ----->voa: 22 Cot: 5
-----------------------------
nivel: 6
2 3 6 4 5 8
0 1 1 1 1 1 0 1
beneficio: 20 ----->voa: 22 Cot: 5
R-->5va:8
0 1 1 1 1 1 0 0
-----------------------------
nivel: 5
2 3 6 4 7 0
0 1 1 1 0 1 1 0
beneficio: 15 ----->voa: 22 Cot: 2
-----------------------------
nivel: 6
2 3 6 4 7 8
0 1 1 1 0 1 1 1
beneficio: 20 ----->voa: 22 Cot: 5
R-->5va:8
0 1 1 1 0 1 1 0
-----------------------------
nivel: 5
2 3 6 4 8 0
0 1 1 1 0 1 0 1
beneficio: 15 ----->voa: 22 Cot: 2
-----------------------------
nivel: 6
2 3 6 4 8 7
0 1 1 1 0 1 1 1
beneficio: 17 ----->voa: 22 Cot: 5
R-->5va:7
0 1 1 1 0 1 0 1
R-->4va:8
0 1 1 1 0 1 0 0
-----------------------------
nivel: 4
2 3 6 5 0 0
0 1 1 0 1 1 0 0
beneficio: 14 ----->voa: 22 Cot: 4
-----------------------------
nivel: 5
2 3 6 5 4 0
0 1 1 1 1 1 0 0
beneficio: 16 ----->voa: 22 Cot: 2
-----------------------------
nivel: 6
2 3 6 5 4 7
0 1 1 1 1 1 1 0
beneficio: 18 ----->voa: 22 Cot: 5
-----------------------------
nivel: 6
2 3 6 5 4 8
0 1 1 1 1 1 0 1
beneficio: 21 ----->voa: 22 Cot: 5
R-->5va:8
0 1 1 1 1 1 0 0
-----------------------------
nivel: 5
2 3 6 5 7 0
0 1 1 0 1 1 1 0
beneficio: 16 ----->voa: 22 Cot: 2
-----------------------------
nivel: 6
2 3 6 5 7 8
0 1 1 0 1 1 1 1
beneficio: 21 ----->voa: 22 Cot: 5
R-->5va:8
0 1 1 0 1 1 1 0
-----------------------------
nivel: 5
2 3 6 5 8 0
0 1 1 0 1 1 0 1
beneficio: 16 ----->voa: 22 Cot: 2
-----------------------------
nivel: 6
2 3 6 5 8 7
0 1 1 0 1 1 1 1
beneficio: 18 ----->voa: 22 Cot: 5
R-->5va:7
0 1 1 0 1 1 0 1
R-->4va:8
0 1 1 0 1 1 0 0
-----------------------------
nivel: 4
2 3 6 7 0 0
0 1 1 0 0 1 1 0
beneficio: 12 ----->voa: 22 Cot: 4
-----------------------------
nivel: 5
2 3 6 7 4 0
0 1 1 1 0 1 1 0
beneficio: 14 ----->voa: 22 Cot: 2
-----------------------------
nivel: 6
2 3 6 7 4 8
0 1 1 1 0 1 1 1
beneficio: 19 ----->voa: 22 Cot: 5
R-->5va:8
0 1 1 1 0 1 1 0
-----------------------------
nivel: 5
2 3 6 7 5 0
0 1 1 0 1 1 1 0
beneficio: 14 ----->voa: 22 Cot: 2
-----------------------------
nivel: 6
2 3 6 7 5 8
0 1 1 0 1 1 1 1
beneficio: 19 ----->voa: 22 Cot: 5
R-->5va:8
0 1 1 0 1 1 1 0
-----------------------------
nivel: 5
2 3 6 7 8 0
0 1 1 0 0 1 1 1
beneficio: 14 ----->voa: 22 Cot: 2
R-->4va:8
0 1 1 0 0 1 1 0
R-->3va:7
0 1 1 0 0 1 0 0
-----------------------------
nivel: 3
2 3 7 0 0 0
0 1 1 0 0 0 1 0
beneficio: 10 ----->voa: 22 Cot: 2
-----------------------------
nivel: 4
2 3 7 4 0 0
0 1 1 1 0 0 1 0
beneficio: 13 ----->voa: 22 Cot: 4
-----------------------------
nivel: 5
2 3 7 4 5 0
0 1 1 1 1 0 1 0
beneficio: 15 ----->voa: 22 Cot: 2
-----------------------------
nivel: 6
2 3 7 4 5 6
0 1 1 1 1 1 1 0
beneficio: 18 ----->voa: 22 Cot: 5
-----------------------------
nivel: 6
2 3 7 4 5 8
0 1 1 1 1 0 1 1
beneficio: 20 ----->voa: 22 Cot: 5
R-->5va:8
0 1 1 1 1 0 1 0
-----------------------------
nivel: 5
2 3 7 4 6 0
0 1 1 1 0 1 1 0
beneficio: 15 ----->voa: 22 Cot: 2
-----------------------------
nivel: 6
2 3 7 4 6 8
0 1 1 1 0 1 1 1
beneficio: 20 ----->voa: 22 Cot: 5
R-->5va:8
0 1 1 1 0 1 1 0
-----------------------------
nivel: 5
2 3 7 4 8 0
0 1 1 1 0 0 1 1
beneficio: 15 ----->voa: 22 Cot: 2
-----------------------------
nivel: 6
2 3 7 4 8 6
0 1 1 1 0 1 1 1
beneficio: 18 ----->voa: 22 Cot: 5
R-->5va:6
0 1 1 1 0 0 1 1
R-->4va:8
0 1 1 1 0 0 1 0
-----------------------------
nivel: 4
2 3 7 5 0 0
0 1 1 0 1 0 1 0
beneficio: 14 ----->voa: 22 Cot: 4
-----------------------------
nivel: 5
2 3 7 5 4 0
0 1 1 1 1 0 1 0
beneficio: 16 ----->voa: 22 Cot: 2
-----------------------------
nivel: 6
2 3 7 5 4 6
0 1 1 1 1 1 1 0
beneficio: 19 ----->voa: 22 Cot: 5
-----------------------------
nivel: 6
2 3 7 5 4 8
0 1 1 1 1 0 1 1
beneficio: 21 ----->voa: 22 Cot: 5
R-->5va:8
0 1 1 1 1 0 1 0
-----------------------------
nivel: 5
2 3 7 5 6 0
0 1 1 0 1 1 1 0
beneficio: 16 ----->voa: 22 Cot: 2
-----------------------------
nivel: 6
2 3 7 5 6 8
0 1 1 0 1 1 1 1
beneficio: 21 ----->voa: 22 Cot: 5
R-->5va:8
0 1 1 0 1 1 1 0
-----------------------------
nivel: 5
2 3 7 5 8 0
0 1 1 0 1 0 1 1
beneficio: 16 ----->voa: 22 Cot: 2
-----------------------------
nivel: 6
2 3 7 5 8 6
0 1 1 0 1 1 1 1
beneficio: 19 ----->voa: 22 Cot: 5
R-->5va:6
0 1 1 0 1 0 1 1
R-->4va:8
0 1 1 0 1 0 1 0
R-->3va:5
0 1 1 0 0 0 1 0
R-->2va:7
0 1 1 0 0 0 0 0
-----------------------------
nivel: 2
2 6 0 0 0 0
0 1 0 0 0 1 0 0
beneficio: 9 ----->voa: 22 Cot: 5
-----------------------------
nivel: 3
2 6 7 0 0 0
0 1 0 0 0 1 1 0
beneficio: 11 ----->voa: 22 Cot: 2
-----------------------------
nivel: 4
2 6 7 4 0 0
0 1 0 1 0 1 1 0
beneficio: 14 ----->voa: 22 Cot: 4
-----------------------------
nivel: 5
2 6 7 4 5 0
0 1 0 1 1 1 1 0
beneficio: 16 ----->voa: 22 Cot: 2
-----------------------------
nivel: 6
2 6 7 4 5 8
0 1 0 1 1 1 1 1
beneficio: 21 ----->voa: 22 Cot: 5
R-->5va:8
0 1 0 1 1 1 1 0
-----------------------------
nivel: 5
2 6 7 4 8 0
0 1 0 1 0 1 1 1
beneficio: 16 ----->voa: 22 Cot: 2
R-->4va:8
0 1 0 1 0 1 1 0
-----------------------------
nivel: 4
2 6 7 5 0 0
0 1 0 0 1 1 1 0
beneficio: 15 ----->voa: 22 Cot: 4
-----------------------------
nivel: 5
2 6 7 5 4 0
0 1 0 1 1 1 1 0
beneficio: 17 ----->voa: 22 Cot: 2
-----------------------------
nivel: 6
2 6 7 5 4 8
0 1 0 1 1 1 1 1
beneficio: 22 ----->voa: 22 Cot: 5
R-->5va:8
0 1 0 1 1 1 1 0
-----------------------------
nivel: 5
2 6 7 5 8 0
0 1 0 0 1 1 1 1
beneficio: 17 ----->voa: 22 Cot: 2
R-->4va:8
0 1 0 0 1 1 1 0
R-->3va:5
0 1 0 0 0 1 1 0
R-->2va:7
0 1 0 0 0 1 0 0
-----------------------------
nivel: 2
2 8 0 0 0 0
0 1 0 0 0 0 0 1
beneficio: 6 ----->voa: 22 Cot: 5
-----------------------------
nivel: 3
2 8 6 0 0 0
0 1 0 0 0 1 0 1
beneficio: 8 ----->voa: 22 Cot: 2
-----------------------------
nivel: 4
2 8 6 4 0 0
0 1 0 1 0 1 0 1
beneficio: 11 ----->voa: 22 Cot: 4
-----------------------------
nivel: 5
2 8 6 4 5 0
0 1 0 1 1 1 0 1
beneficio: 13 ----->voa: 22 Cot: 2
-----------------------------
nivel: 6
2 8 6 4 5 7
0 1 0 1 1 1 1 1
beneficio: 15 ----->voa: 22 Cot: 5
R-->5va:7
0 1 0 1 1 1 0 1
-----------------------------
nivel: 5
2 8 6 4 7 0
0 1 0 1 0 1 1 1
beneficio: 13 ----->voa: 22 Cot: 2
R-->4va:7
0 1 0 1 0 1 0 1
-----------------------------
nivel: 4
2 8 6 5 0 0
0 1 0 0 1 1 0 1
beneficio: 12 ----->voa: 22 Cot: 4
-----------------------------
nivel: 5
2 8 6 5 4 0
0 1 0 1 1 1 0 1
beneficio: 14 ----->voa: 22 Cot: 2
-----------------------------
nivel: 6
2 8 6 5 4 7
0 1 0 1 1 1 1 1
beneficio: 16 ----->voa: 22 Cot: 5
R-->5va:7
0 1 0 1 1 1 0 1
-----------------------------
nivel: 5
2 8 6 5 7 0
0 1 0 0 1 1 1 1
beneficio: 14 ----->voa: 22 Cot: 2
R-->4va:7
0 1 0 0 1 1 0 1
-----------------------------
nivel: 4
2 8 6 7 0 0
0 1 0 0 0 1 1 1
beneficio: 10 ----->voa: 22 Cot: 4
-----------------------------
nivel: 5
2 8 6 7 4 0
0 1 0 1 0 1 1 1
beneficio: 12 ----->voa: 22 Cot: 2
-----------------------------
nivel: 5
2 8 6 7 5 0
0 1 0 0 1 1 1 1
beneficio: 12 ----->voa: 22 Cot: 2
R-->4va:5
0 1 0 0 0 1 1 1
R-->3va:7
0 1 0 0 0 1 0 1
-----------------------------
nivel: 3
2 8 7 0 0 0
0 1 0 0 0 0 1 1
beneficio: 8 ----->voa: 22 Cot: 2
-----------------------------
nivel: 4
2 8 7 4 0 0
0 1 0 1 0 0 1 1
beneficio: 11 ----->voa: 22 Cot: 4
-----------------------------
nivel: 5
2 8 7 4 5 0
0 1 0 1 1 0 1 1
beneficio: 13 ----->voa: 22 Cot: 2
-----------------------------
nivel: 6
2 8 7 4 5 6
0 1 0 1 1 1 1 1
beneficio: 16 ----->voa: 22 Cot: 5
R-->5va:6
0 1 0 1 1 0 1 1
-----------------------------
nivel: 5
2 8 7 4 6 0
0 1 0 1 0 1 1 1
beneficio: 13 ----->voa: 22 Cot: 2
R-->4va:6
0 1 0 1 0 0 1 1
-----------------------------
nivel: 4
2 8 7 5 0 0
0 1 0 0 1 0 1 1
beneficio: 12 ----->voa: 22 Cot: 4
-----------------------------
nivel: 5
2 8 7 5 4 0
0 1 0 1 1 0 1 1
beneficio: 14 ----->voa: 22 Cot: 2
-----------------------------
nivel: 6
2 8 7 5 4 6
0 1 0 1 1 1 1 1
beneficio: 17 ----->voa: 22 Cot: 5
R-->5va:6
0 1 0 1 1 0 1 1
-----------------------------
nivel: 5
2 8 7 5 6 0
0 1 0 0 1 1 1 1
beneficio: 14 ----->voa: 22 Cot: 2
R-->4va:6
0 1 0 0 1 0 1 1
R-->3va:5
0 1 0 0 0 0 1 1
R-->2va:7
0 1 0 0 0 0 0 1
R-->1va:8
0 1 0 0 0 0 0 0
-----------------------------
nivel: 1
4 0 0 0 0 0
0 0 0 1 0 0 0 0
beneficio: 2 ----->voa: 22 Cot: 5
-----------------------------
nivel: 2
4 2 0 0 0 0
0 1 0 1 0 0 0 0
beneficio: 7 ----->voa: 22 Cot: 5
-----------------------------
nivel: 3
4 2 6 0 0 0
0 1 0 1 0 1 0 0
beneficio: 9 ----->voa: 22 Cot: 2
-----------------------------
nivel: 4
4 2 6 5 0 0
0 1 0 1 1 1 0 0
beneficio: 13 ----->voa: 22 Cot: 4
-----------------------------
nivel: 5
4 2 6 5 7 0
0 1 0 1 1 1 1 0
beneficio: 15 ----->voa: 22 Cot: 2
-----------------------------
nivel: 6
4 2 6 5 7 8
0 1 0 1 1 1 1 1
beneficio: 20 ----->voa: 22 Cot: 5
R-->5va:8
0 1 0 1 1 1 1 0
-----------------------------
nivel: 5
4 2 6 5 8 0
0 1 0 1 1 1 0 1
beneficio: 15 ----->voa: 22 Cot: 2
-----------------------------
nivel: 6
4 2 6 5 8 7
0 1 0 1 1 1 1 1
beneficio: 17 ----->voa: 22 Cot: 5
R-->5va:7
0 1 0 1 1 1 0 1
R-->4va:8
0 1 0 1 1 1 0 0
-----------------------------
nivel: 4
4 2 6 7 0 0
0 1 0 1 0 1 1 0
beneficio: 11 ----->voa: 22 Cot: 4
-----------------------------
nivel: 5
4 2 6 7 5 0
0 1 0 1 1 1 1 0
beneficio: 13 ----->voa: 22 Cot: 2
-----------------------------
nivel: 6
4 2 6 7 5 8
0 1 0 1 1 1 1 1
beneficio: 18 ----->voa: 22 Cot: 5
R-->5va:8
0 1 0 1 1 1 1 0
-----------------------------
nivel: 5
4 2 6 7 8 0
0 1 0 1 0 1 1 1
beneficio: 13 ----->voa: 22 Cot: 2
R-->4va:8
0 1 0 1 0 1 1 0
R-->3va:7
0 1 0 1 0 1 0 0
-----------------------------
nivel: 3
4 2 7 0 0 0
0 1 0 1 0 0 1 0
beneficio: 9 ----->voa: 22 Cot: 2
-----------------------------
nivel: 4
4 2 7 5 0 0
0 1 0 1 1 0 1 0
beneficio: 13 ----->voa: 22 Cot: 4
-----------------------------
nivel: 5
4 2 7 5 6 0
0 1 0 1 1 1 1 0
beneficio: 15 ----->voa: 22 Cot: 2
-----------------------------
nivel: 6
4 2 7 5 6 8
0 1 0 1 1 1 1 1
beneficio: 20 ----->voa: 22 Cot: 5
R-->5va:8
0 1 0 1 1 1 1 0
-----------------------------
nivel: 5
4 2 7 5 8 0
0 1 0 1 1 0 1 1
beneficio: 15 ----->voa: 22 Cot: 2
-----------------------------
nivel: 6
4 2 7 5 8 6
0 1 0 1 1 1 1 1
beneficio: 18 ----->voa: 22 Cot: 5
R-->5va:6
0 1 0 1 1 0 1 1
R-->4va:8
0 1 0 1 1 0 1 0
R-->3va:5
0 1 0 1 0 0 1 0
R-->2va:7
0 1 0 1 0 0 0 0
-----------------------------
nivel: 2
4 3 0 0 0 0
0 0 1 1 0 0 0 0
beneficio: 6 ----->voa: 22 Cot: 5
-----------------------------
nivel: 3
4 3 6 0 0 0
0 0 1 1 0 1 0 0
beneficio: 8 ----->voa: 22 Cot: 2
-----------------------------
nivel: 4
4 3 6 5 0 0
0 0 1 1 1 1 0 0
beneficio: 12 ----->voa: 22 Cot: 4
-----------------------------
nivel: 5
4 3 6 5 7 0
0 0 1 1 1 1 1 0
beneficio: 14 ----->voa: 22 Cot: 2
-----------------------------
nivel: 6
4 3 6 5 7 8
0 0 1 1 1 1 1 1
beneficio: 19 ----->voa: 22 Cot: 5
R-->5va:8
0 0 1 1 1 1 1 0
-----------------------------
nivel: 5
4 3 6 5 8 0
0 0 1 1 1 1 0 1
beneficio: 14 ----->voa: 22 Cot: 2
-----------------------------
nivel: 6
4 3 6 5 8 7
0 0 1 1 1 1 1 1
beneficio: 16 ----->voa: 22 Cot: 5
R-->5va:7
0 0 1 1 1 1 0 1
R-->4va:8
0 0 1 1 1 1 0 0
-----------------------------
nivel: 4
4 3 6 7 0 0
0 0 1 1 0 1 1 0
beneficio: 10 ----->voa: 22 Cot: 4
-----------------------------
nivel: 5
4 3 6 7 5 0
0 0 1 1 1 1 1 0
beneficio: 12 ----->voa: 22 Cot: 2
-----------------------------
nivel: 6
4 3 6 7 5 8
0 0 1 1 1 1 1 1
beneficio: 17 ----->voa: 22 Cot: 5
R-->5va:8
0 0 1 1 1 1 1 0
-----------------------------
nivel: 5
4 3 6 7 8 0
0 0 1 1 0 1 1 1
beneficio: 12 ----->voa: 22 Cot: 2
R-->4va:8
0 0 1 1 0 1 1 0
R-->3va:7
0 0 1 1 0 1 0 0
-----------------------------
nivel: 3
4 3 7 0 0 0
0 0 1 1 0 0 1 0
beneficio: 8 ----->voa: 22 Cot: 2
-----------------------------
nivel: 4
4 3 7 5 0 0
0 0 1 1 1 0 1 0
beneficio: 12 ----->voa: 22 Cot: 4
-----------------------------
nivel: 5
4 3 7 5 6 0
0 0 1 1 1 1 1 0
beneficio: 14 ----->voa: 22 Cot: 2
-----------------------------
nivel: 6
4 3 7 5 6 8
0 0 1 1 1 1 1 1
beneficio: 19 ----->voa: 22 Cot: 5
R-->5va:8
0 0 1 1 1 1 1 0
-----------------------------
nivel: 5
4 3 7 5 8 0
0 0 1 1 1 0 1 1
beneficio: 14 ----->voa: 22 Cot: 2
-----------------------------
nivel: 6
4 3 7 5 8 6
0 0 1 1 1 1 1 1
beneficio: 17 ----->voa: 22 Cot: 5
R-->5va:6
0 0 1 1 1 0 1 1
R-->4va:8
0 0 1 1 1 0 1 0
R-->3va:5
0 0 1 1 0 0 1 0
R-->2va:7
0 0 1 1 0 0 0 0
-----------------------------
nivel: 2
4 6 0 0 0 0
0 0 0 1 0 1 0 0
beneficio: 7 ----->voa: 22 Cot: 5
-----------------------------
nivel: 3
4 6 7 0 0 0
0 0 0 1 0 1 1 0
beneficio: 9 ----->voa: 22 Cot: 2
-----------------------------
nivel: 4
4 6 7 5 0 0
0 0 0 1 1 1 1 0
beneficio: 13 ----->voa: 22 Cot: 4
-----------------------------
nivel: 5
4 6 7 5 8 0
0 0 0 1 1 1 1 1
beneficio: 15 ----->voa: 22 Cot: 2
R-->4va:8
0 0 0 1 1 1 1 0
R-->3va:5
0 0 0 1 0 1 1 0
R-->2va:7
0 0 0 1 0 1 0 0
-----------------------------
nivel: 2
4 8 0 0 0 0
0 0 0 1 0 0 0 1
beneficio: 4 ----->voa: 22 Cot: 5
-----------------------------
nivel: 3
4 8 6 0 0 0
0 0 0 1 0 1 0 1
beneficio: 6 ----->voa: 22 Cot: 2
-----------------------------
nivel: 4
4 8 6 5 0 0
0 0 0 1 1 1 0 1
beneficio: 10 ----->voa: 22 Cot: 4
-----------------------------
nivel: 5
4 8 6 5 7 0
0 0 0 1 1 1 1 1
beneficio: 12 ----->voa: 22 Cot: 2
R-->4va:7
0 0 0 1 1 1 0 1
-----------------------------
nivel: 4
4 8 6 7 0 0
0 0 0 1 0 1 1 1
beneficio: 8 ----->voa: 22 Cot: 4
-----------------------------
nivel: 5
4 8 6 7 5 0
0 0 0 1 1 1 1 1
beneficio: 10 ----->voa: 22 Cot: 2
R-->4va:5
0 0 0 1 0 1 1 1
R-->3va:7
0 0 0 1 0 1 0 1
-----------------------------
nivel: 3
4 8 7 0 0 0
0 0 0 1 0 0 1 1
beneficio: 6 ----->voa: 22 Cot: 2
-----------------------------
nivel: 4
4 8 7 5 0 0
0 0 0 1 1 0 1 1
beneficio: 10 ----->voa: 22 Cot: 4
-----------------------------
nivel: 5
4 8 7 5 6 0
0 0 0 1 1 1 1 1
beneficio: 12 ----->voa: 22 Cot: 2
R-->4va:6
0 0 0 1 1 0 1 1
R-->3va:5
0 0 0 1 0 0 1 1
R-->2va:7
0 0 0 1 0 0 0 1
R-->1va:8
0 0 0 1 0 0 0 0
-----------------------------
nivel: 1
6 0 0 0 0 0
0 0 0 0 0 1 0 0
beneficio: 5 ----->voa: 22 Cot: 5
-----------------------------
nivel: 2
6 2 0 0 0 0
0 1 0 0 0 1 0 0
beneficio: 10 ----->voa: 22 Cot: 5
-----------------------------
nivel: 3
6 2 7 0 0 0
0 1 0 0 0 1 1 0
beneficio: 12 ----->voa: 22 Cot: 2
-----------------------------
nivel: 4
6 2 7 4 0 0
0 1 0 1 0 1 1 0
beneficio: 15 ----->voa: 22 Cot: 4
-----------------------------
nivel: 5
6 2 7 4 5 0
0 1 0 1 1 1 1 0
beneficio: 17 ----->voa: 22 Cot: 2
-----------------------------
nivel: 6
6 2 7 4 5 8
0 1 0 1 1 1 1 1
beneficio: 22 ----->voa: 22 Cot: 5
R-->5va:8
0 1 0 1 1 1 1 0
-----------------------------
nivel: 5
6 2 7 4 8 0
0 1 0 1 0 1 1 1
beneficio: 17 ----->voa: 22 Cot: 2
R-->4va:8
0 1 0 1 0 1 1 0
-----------------------------
nivel: 4
6 2 7 5 0 0
0 1 0 0 1 1 1 0
beneficio: 16 ----->voa: 22 Cot: 4
-----------------------------
nivel: 5
6 2 7 5 4 0
0 1 0 1 1 1 1 0
beneficio: 18 ----->voa: 22 Cot: 2
-----------------------------
nivel: 6
6 2 7 5 4 8
0 1 0 1 1 1 1 1
beneficio: 23 ----->voa: 22 Cot: 5
es una solucion: 23
-----------------------
R-->5va:8
0 1 0 1 1 1 1 0
-----------------------------
nivel: 5
6 2 7 5 8 0
0 1 0 0 1 1 1 1
beneficio: 18 ----->voa: 23 Cot: 2
R-->4va:8
0 1 0 0 1 1 1 0
R-->3va:5
0 1 0 0 0 1 1 0
R-->2va:7
0 1 0 0 0 1 0 0
-----------------------------
nivel: 2
6 3 0 0 0 0
0 0 1 0 0 1 0 0
beneficio: 9 ----->voa: 23 Cot: 5
-----------------------------
nivel: 3
6 3 7 0 0 0
0 0 1 0 0 1 1 0
beneficio: 11 ----->voa: 23 Cot: 2
-----------------------------
nivel: 4
6 3 7 4 0 0
0 0 1 1 0 1 1 0
beneficio: 14 ----->voa: 23 Cot: 4
-----------------------------
nivel: 5
6 3 7 4 5 0
0 0 1 1 1 1 1 0
beneficio: 16 ----->voa: 23 Cot: 2
-----------------------------
nivel: 6
6 3 7 4 5 8
0 0 1 1 1 1 1 1
beneficio: 21 ----->voa: 23 Cot: 5
R-->5va:8
0 0 1 1 1 1 1 0
-----------------------------
nivel: 5
6 3 7 4 8 0
0 0 1 1 0 1 1 1
beneficio: 16 ----->voa: 23 Cot: 2
R-->4va:8
0 0 1 1 0 1 1 0
-----------------------------
nivel: 4
6 3 7 5 0 0
0 0 1 0 1 1 1 0
beneficio: 15 ----->voa: 23 Cot: 4
-----------------------------
nivel: 5
6 3 7 5 4 0
0 0 1 1 1 1 1 0
beneficio: 17 ----->voa: 23 Cot: 2
-----------------------------
nivel: 6
6 3 7 5 4 8
0 0 1 1 1 1 1 1
beneficio: 22 ----->voa: 23 Cot: 5
R-->5va:8
0 0 1 1 1 1 1 0
-----------------------------
nivel: 5
6 3 7 5 8 0
0 0 1 0 1 1 1 1
beneficio: 17 ----->voa: 23 Cot: 2
R-->4va:8
0 0 1 0 1 1 1 0
R-->3va:5
0 0 1 0 0 1 1 0
R-->2va:7
0 0 1 0 0 1 0 0
-----------------------------
nivel: 2
6 8 0 0 0 0
0 0 0 0 0 1 0 1
beneficio: 7 ----->voa: 23 Cot: 5
-----------------------------
nivel: 3
6 8 7 0 0 0
0 0 0 0 0 1 1 1
beneficio: 9 ----->voa: 23 Cot: 2
-----------------------------
nivel: 4
6 8 7 4 0 0
0 0 0 1 0 1 1 1
beneficio: 12 ----->voa: 23 Cot: 4
-----------------------------
nivel: 5
6 8 7 4 5 0
0 0 0 1 1 1 1 1
beneficio: 14 ----->voa: 23 Cot: 2
R-->4va:5
0 0 0 1 0 1 1 1
-----------------------------
nivel: 4
6 8 7 5 0 0
0 0 0 0 1 1 1 1
beneficio: 13 ----->voa: 23 Cot: 4
-----------------------------
nivel: 5
6 8 7 5 4 0
0 0 0 1 1 1 1 1
beneficio: 15 ----->voa: 23 Cot: 2
R-->4va:4
0 0 0 0 1 1 1 1
R-->3va:5
0 0 0 0 0 1 1 1
R-->2va:7
0 0 0 0 0 1 0 1
R-->1va:8
0 0 0 0 0 1 0 0
R-->0va:6
0 0 0 0 0 0 0 0
23
