330
6-- > 3
0 3 1 2 4 5 
523
8-- > 4
0 4 1 7 2 3 5 6 
11437
100-- > 50
0 2 1 4 3 11 5 91 6 17 7 68 8 74 9 73 10 76 12 96 13 21 14 49 15 75 16 54 18 70 19 30 20 56 22 97 23 35 24 64 25 38 26 52 27 71 28 98 29 83 31 53 32 58 33 60 34 82 36 55 37 85 39 92 40 72 41 81 42 67 43 86 44 61 45 77 46 89 47 93 48 84 50 51 57 87 59 90 62 66 63 80 65 69 78 79 88 95 94 99 
10267
90-- > 45
0 75 1 53 2 88 3 85 4 25 5 35 6 61 7 84 8 66 9 37 10 83 11 23 12 65 13 57 14 81 15 58 16 50 17 34 18 24 19 29 20 30 21 64 22 82 26 33 27 40 28 69 31 36 32 73 38 56 39 44 41 72 42 89 43 80 45 55 46 78 47 71 48 77 49 51 52 74 54 79 59 63 60 62 67 87 68 70 76 86 
11453
99-- > 50
0 67 1 12 2 82 3 93 4 57 5 29 6 8 7 14 9 65 10 71 11 31 13 20 15 72 16 64 17 46 18 90 19 49 21 86 22 73 23 59 24 32 25 30 26 68 27 39 28 45 33 66 34 41 35 63 36 96 37 51 38 75 40 50 42 85 43 53 44 56 47 48 52 87 54 94 55 97 58 70 60 91 61 62 69 89 74 88 76 98 77 95 78 79 80 92 81 84 0 0 
11393
98-- > 49
0 50 1 82 2 52 3 95 4 51 5 20 6 77 7 61 8 31 9 72 10 44 11 90 12 41 13 23 14 62 15 38 16 76 17 80 18 55 19 91 21 40 22 49 24 34 25 79 26 53 27 89 28 47 29 69 30 75 32 92 33 71 35 45 36 63 37 65 39 85 42 57 43 74 46 59 48 93 54 64 56 97 58 86 60 96 66 78 67 87 68 73 70 81 83 88 84 94 
11182
97-- > 49
0 29 1 54 2 17 3 53 4 35 5 76 6 69 7 16 8 45 9 13 10 14 11 55 12 41 15 85 18 43 19 56 20 64 21 44 22 28 23 73 24 27 25 75 26 58 30 62 31 52 32 80 33 61 34 77 36 66 37 91 38 47 39 42 40 81 46 51 48 83 49 50 57 79 59 94 60 84 63 88 65 78 67 96 68 87 70 90 71 92 72 74 82 93 86 95 0 0 
10885
96-- > 48
0 18 1 79 2 46 3 49 4 36 5 62 6 39 7 64 8 22 9 61 10 48 11 86 12 82 13 25 14 94 15 90 16 33 17 76 19 71 20 21 23 81 24 56 26 59 27 68 28 45 29 50 30 91 31 38 32 77 34 87 35 72 37 95 40 74 41 58 42 89 43 78 44 65 47 52 51 75 53 93 54 63 55 69 57 66 60 80 67 85 70 92 73 83 84 88 
776
11-- > 6
0 6 1 8 2 9 3 4 5 7 0 0 
10054
88-- > 44
0 41 1 9 2 29 3 10 4 53 5 77 6 42 7 79 8 12 11 62 13 27 14 86 15 82 16 37 17 54 18 45 19 20 21 68 22 48 23 85 24 64 25 43 26 66 28 40 30 71 31 46 32 87 33 51 34 65 35 75 36 67 38 81 39 80 44 84 47 58 49 76 50 52 55 69 56 72 57 78 59 61 60 83 63 74 70 73 
